14
196
0
43
49
57
48
46
45
42
55
99
35
100
47
51
43
0
6
9
11
4
8
7
14
63
13
57
62
10
49
6
0
4
10
1
7
2
8
57
16
52
63
3
57
9
4
0
8
5
3
12
6
54
15
53
60
2
48
11
10
8
0
12
13
14
2
46
22
43
65
6
46
4
1
5
12
0
10
3
9
56
17
49
64
8
45
8
7
3
13
10
0
9
1
55
12
58
57
11
42
7
2
12
14
3
9
0
10
58
18
50
61
4
55
14
8
6
2
9
1
10
0
49
21
59
69
5
99
63
57
54
46
56
55
58
49
0
65
60
84
83
35
13
16
15
22
17
12
18
21
65
0
67
81
19
100
57
52
53
43
49
58
50
59
60
67
0
111
51
47
62
63
60
65
64
57
61
69
84
81
111
0
69
51
10
3
2
6
8
11
4
5
83
19
51
69
0
北京野生动物园
北京郊区的一座大型自然生态动物园
3
天坛公园
探寻古代皇帝祭天仪式的奥秘
4
恭王府
一起去看看和珅家
3
北京动物园
百余种动物，让你离自然更近
3
圆明园
追忆昔日万园之园
3
北海公园
让我们荡起双桨，小船儿推开波浪
3
玉渊潭公园
花期未到，美照先行
3
景山公园
俯看故宫绝佳位置
3
清华大学
绿草青青，树木成荫，湖光山色
3
八达岭野生动物园
身临“野性天地”，感受“适者生存”
3
世界公园
著名古迹名胜微缩景点
3
红螺寺
寺古园林大，树古花气浓
3
云居寺
蕴涵着浓郁的佛教文化特色
3
北京邮电大学
是中华人民共和国的第一所邮电高等学府
5
